0
1
2
5
10
12
17
25
28
29
32
33
39
41
48
55
58
59
67
69
72
76
79
80
84
88
89
91
94
100
101
108
110
114
115
119
120
122
123
125
126
128
132
137
140
141
142
143
149
151
153
154
156
162
163
165
166
169
174
184
186
187
188
190
193
195
198
199
205
206
208
213
218
221
227
228
232
233
236
238
239
244
246
248
249
253
254
263
266
269
270
271
274
278
280
281
282
292
294
301
303
304
306
307
325
326
327
328
330
335
349
350
362
366
368
369
380
381
383
384
385
386
388
390
400
402
403
409
411
413
414
419
421
423
426
428
429
431
433
437
438
439
440
441
450
452
454
456
460
462
464
467
469
472
473
480
481
483
491
494
496
498
504
509
510
512
513
517
520
522
523
526
527
531
532
538
539
541
542
546
553
554
555
557
559
566
570
571
573
574
578
580
582
589
595
596
597
599
601
602
608
615
616
618
619
625
628
629
632
633
637
639
642
643
644
645
646
647
654
659
662
665
666
667
669
672
679
684
685
687
689
692
696
699
702
704
706
707
718
724
727
729
735
744
745
747
749
750
753
754
756
757
759
761
764
765
767
768
770
771
775
778
781
785
788
789
792
794
795
797
798
801
802
804
806
808
810
814
816
817
821
823
824
827
830
833
836
838
840
845
854
858
862
869
870
873
875
876
884
885
888
890
893
894
897
901
903
906
909
913
923
924
925
927
929
933
939
940
944
947
949
955
956
959
964
968
969
970
972
973
974
978
981
986
987
988
994
995
997
